dataset_416/images/2_WIN_20220708_16_38_44_Pro.jpg 300,194,336,227,2 203,187,230,215,1 84,183,112,209,0
dataset_416/images/2_WIN_20220708_16_38_52_Pro.jpg 299,172,335,207,2 189,167,218,195,1 75,170,102,198,0
dataset_416/images/2_WIN_20220708_16_38_59_Pro.jpg 79,190,106,218,0 190,174,221,203,1 299,162,335,196,2
dataset_416/images/2_WIN_20220708_16_39_08_Pro.jpg 76,192,105,219,0 192,174,220,202,1 294,157,331,195,2
dataset_416/images/2_WIN_20220708_16_39_17_Pro.jpg 82,225,110,252,0 184,188,211,216,1 289,141,325,178,2
dataset_416/images/2_WIN_20220708_16_39_27_Pro.jpg 92,105,121,135,0 197,158,225,189,1 288,215,324,252,2
dataset_416/images/2_WIN_20220708_16_39_32_Pro.jpg 86,227,116,251,0 197,191,227,218,1 295,162,332,197,2
dataset_416/images/2_WIN_20220708_16_39_38_Pro.jpg 86,179,114,206,0 194,140,223,170,1 301,108,337,142,2
dataset_416/images/2_WIN_20220708_16_39_43_Pro.jpg 89,238,117,264,0 198,202,227,229,1 297,166,333,203,2
dataset_416/images/2_WIN_20220708_16_39_49_Pro.jpg 88,238,116,265,0 183,190,211,217,1 283,127,321,162,2
dataset_416/images/2_WIN_20220708_16_39_55_Pro.jpg 87,173,126,207,2 196,219,226,246,1 302,256,327,282,0
dataset_416/images/2_WIN_20220708_16_39_59_Pro.jpg 86,212,125,246,2 193,235,222,263,1 307,254,333,281,0
dataset_416/images/2_WIN_20220708_16_40_04_Pro.jpg 92,170,135,204,2 190,225,218,251,1 293,275,316,299,0
dataset_416/images/2_WIN_20220708_16_40_09_Pro.jpg 84,196,112,222,0 194,163,221,191,1 300,136,338,172,2
dataset_416/images/2_WIN_20220708_16_40_14_Pro.jpg 82,229,109,256,0 184,192,214,220,1 292,145,329,178,2
dataset_416/images/2_WIN_20220708_16_40_25_Pro.jpg 81,212,117,244,2 186,192,214,218,1 300,162,326,187,0
dataset_416/images/2_WIN_20220708_16_40_30_Pro.jpg 82,227,111,252,0 189,196,215,222,1 295,156,332,189,2
dataset_416/images/2_WIN_20220708_16_40_34_Pro.jpg 86,254,114,280,0 180,197,211,223,1 280,146,316,180,2
dataset_416/images/2_WIN_20220708_16_40_38_Pro.jpg 86,186,124,219,2 194,163,225,190,1 310,133,338,161,0
dataset_416/images/2_WIN_20220708_16_40_42_Pro.jpg 83,213,122,248,2 194,178,222,203,1 298,130,325,154,0
dataset_416/images/2_WIN_20220708_16_40_47_Pro.jpg 78,237,118,268,2 184,204,211,232,1 293,164,319,191,0
dataset_416/images/2_WIN_20220708_16_40_55_Pro.jpg 73,142,111,178,2 191,144,219,173,1 307,138,332,164,0
dataset_416/images/2_WIN_20220708_16_41_00_Pro.jpg 89,162,115,189,0 203,175,229,203,1 305,195,339,231,2
dataset_416/images/2_WIN_20220708_16_41_06_Pro.jpg 84,157,121,195,2 205,187,238,220,1 314,216,340,246,0
dataset_416/images/2_WIN_20220708_16_41_11_Pro.jpg 97,102,135,138,2 196,161,223,187,1 302,217,325,239,0
dataset_416/images/2_WIN_20220708_16_41_16_Pro.jpg 81,199,116,235,2 200,173,227,201,1 306,151,334,177,0
dataset_416/images/2_WIN_20220708_16_41_21_Pro.jpg 83,202,112,228,0 189,162,219,188,1 296,126,333,161,2
dataset_416/images/2_WIN_20220708_16_42_45_Pro.jpg 82,239,117,272,2 201,224,228,251,1 309,212,333,237,0
dataset_416/images/2_WIN_20220708_16_42_49_Pro.jpg 78,164,115,200,2 196,157,222,183,1 308,134,334,161,0
dataset_416/images/2_WIN_20220708_16_42_52_Pro.jpg 83,161,120,195,2 193,150,220,179,1 312,130,337,154,0
dataset_416/images/2_WIN_20220708_16_42_55_Pro.jpg 79,160,116,193,2 192,153,219,178,1 310,137,334,162,0
dataset_416/images/2_WIN_20220708_16_42_58_Pro.jpg 79,200,116,234,2 194,183,222,209,1 306,156,332,182,0
dataset_416/images/2_WIN_20220708_16_43_02_Pro.jpg 87,249,115,275,0 187,211,219,237,1 294,162,331,193,2
dataset_416/images/3_WIN_20220708_16_38_44_Pro.jpg 66,135,105,171,2 167,186,196,213,1 276,243,301,271,0
dataset_416/images/3_WIN_20220708_16_38_52_Pro.jpg 82,115,117,154,2 188,174,215,202,1 289,238,314,267,0
dataset_416/images/3_WIN_20220708_16_38_59_Pro.jpg 87,108,122,144,2 182,179,212,209,1 275,254,300,279,0
dataset_416/images/3_WIN_20220708_16_39_08_Pro.jpg 92,108,128,142,2 181,178,211,207,1 276,256,303,284,0
dataset_416/images/3_WIN_20220708_16_39_17_Pro.jpg 105,95,141,130,2 182,196,210,224,1 254,282,280,309,0
dataset_416/images/3_WIN_20220708_16_39_27_Pro.jpg 66,163,103,198,2 184,163,213,192,1 308,174,336,200,0
dataset_416/images/3_WIN_20220708_16_39_32_Pro.jpg 88,111,125,146,2 168,190,196,218,1 251,282,276,306,0
dataset_416/images/3_WIN_20220708_16_39_38_Pro.jpg 113,59,150,97,2 198,148,225,178,1 273,240,299,267,0
dataset_416/images/3_WIN_20220708_16_39_43_Pro.jpg 84,115,121,150,2 162,199,191,226,1 241,291,267,316,0
dataset_416/images/3_WIN_20220708_16_39_49_Pro.jpg 117,84,154,121,2 179,194,209,223,1 241,289,266,318,0
dataset_416/images/3_WIN_20220708_16_39_55_Pro.jpg 45,194,71,217,0 154,215,181,243,1 263,230,302,264,2
dataset_416/images/3_WIN_20220708_16_39_59_Pro.jpg 42,189,66,214,0 148,233,175,259,1 243,263,284,301,2
dataset_416/images/3_WIN_20220708_16_40_04_Pro.jpg 44,218,68,238,0 158,225,186,252,1 260,224,299,262,2
dataset_416/images/3_WIN_20220708_16_40_09_Pro.jpg 96,87,134,122,2 187,169,216,196,1 268,256,294,284,0
dataset_416/images/3_WIN_20220708_16_40_14_Pro.jpg 101,96,137,132,2 178,198,207,227,1 249,285,278,313,0
dataset_416/images/3_WIN_20220708_16_40_25_Pro.jpg 98,110,123,136,0 178,197,208,225,1 252,265,289,303,2
dataset_416/images/3_WIN_20220708_16_40_30_Pro.jpg 93,103,129,139,2 174,199,204,228,1 251,284,278,308,0
dataset_416/images/3_WIN_20220708_16_40_34_Pro.jpg 113,105,148,140,2 179,205,209,233,1 233,306,262,333,0
dataset_416/images/3_WIN_20220708_16_40_38_Pro.jpg 102,79,130,108,0 185,166,214,195,1 261,239,300,276,2
dataset_416/images/3_WIN_20220708_16_40_42_Pro.jpg 115,83,142,110,0 181,180,208,210,1 245,267,281,304,2
dataset_416/images/3_WIN_20220708_16_40_47_Pro.jpg 101,119,127,143,0 174,208,200,239,1 238,290,275,324,2
dataset_416/images/3_WIN_20220708_16_40_55_Pro.jpg 103,87,130,113,0 199,152,227,182,1 292,210,333,247,2
dataset_416/images/3_WIN_20220708_16_41_00_Pro.jpg 62,133,100,170,2 174,177,201,204,1 281,224,309,252,0
dataset_416/images/3_WIN_20220708_16_41_06_Pro.jpg 73,126,100,152,0 181,157,209,185,1 294,192,332,229,2
dataset_416/images/3_WIN_20220708_16_41_11_Pro.jpg 70,158,95,182,0 186,166,217,194,1 293,163,333,203,2
dataset_416/images/3_WIN_20220708_16_41_16_Pro.jpg 94,99,121,124,0 178,175,204,201,1 258,257,295,293,2
dataset_416/images/3_WIN_20220708_16_41_21_Pro.jpg 106,77,144,116,2 193,168,221,198,1 264,261,292,288,0
dataset_416/images/3_WIN_20220708_16_42_45_Pro.jpg 61,150,89,178,0 150,217,177,245,1 238,291,274,327,2
dataset_416/images/3_WIN_20220708_16_42_49_Pro.jpg 105,83,132,109,1 189,161,218,191,1 279,227,316,264,2
dataset_416/images/3_WIN_20220708_16_42_52_Pro.jpg 103,74,129,101,0 195,156,225,186,1 275,220,316,260,2
dataset_416/images/3_WIN_20220708_16_42_55_Pro.jpg 101,85,129,110,0 194,160,225,187,1 279,222,319,260,2
dataset_416/images/3_WIN_20220708_16_42_58_Pro.jpg 92,105,121,130,0 177,186,205,214,1 255,256,294,293,2
dataset_416/images/3_WIN_20220708_16_43_02_Pro.jpg 92,108,128,146,2 166,209,195,239,1 233,300,263,328,0
dataset_416/images/4_WIN_20220708_16_38_44_Pro.jpg 78,195,115,229,2 185,189,213,214,1 303,184,331,210,0
dataset_416/images/4_WIN_20220708_16_38_52_Pro.jpg 81,173,117,207,2 198,169,224,195,1 310,171,339,199,0
dataset_416/images/4_WIN_20220708_16_38_59_Pro.jpg 78,163,116,195,2 194,174,223,201,1 308,190,335,217,0
dataset_416/images/4_WIN_20220708_16_39_08_Pro.jpg 82,159,120,190,2 192,175,223,202,1 310,192,338,218,0
dataset_416/images/4_WIN_20220708_16_39_17_Pro.jpg 86,141,124,175,2 203,191,232,216,1 305,226,332,251,0
dataset_416/images/4_WIN_20220708_16_39_27_Pro.jpg 91,220,128,251,2 186,161,219,187,1 294,108,323,133,0
dataset_416/images/4_WIN_20220708_16_39_32_Pro.jpg 81,162,121,197,2 188,192,216,218,1 301,226,327,250,0
dataset_416/images/4_WIN_20220708_16_39_38_Pro.jpg 75,108,115,143,2 191,143,219,170,1 301,178,330,205,0
dataset_416/images/4_WIN_20220708_16_39_43_Pro.jpg 79,168,119,202,2 186,202,217,228,1 300,236,325,262,0
dataset_416/images/4_WIN_20220708_16_39_49_Pro.jpg 93,126,131,160,2 201,191,229,216,1 298,237,327,266,0
dataset_416/images/4_WIN_20220708_16_39_55_Pro.jpg 85,258,113,281,0 188,219,218,244,1 286,173,327,206,2
dataset_416/images/4_WIN_20220708_16_39_59_Pro.jpg 81,256,108,279,0 191,235,220,264,1 289,212,329,246,2
dataset_416/images/4_WIN_20220708_16_40_04_Pro.jpg 97,278,123,300,0 195,226,225,251,1 279,170,322,203,2
dataset_416/images/4_WIN_20220708_16_40_09_Pro.jpg 74,137,116,174,2 192,162,221,191,1 303,195,329,222,0
dataset_416/images/4_WIN_20220708_16_40_14_Pro.jpg 84,144,123,178,2 200,191,230,220,1 305,227,332,254,0
dataset_416/images/4_WIN_20220708_16_40_25_Pro.jpg 90,159,114,186,0 200,192,229,219,1 299,210,336,246,2
dataset_416/images/4_WIN_20220708_16_40_30_Pro.jpg 82,154,120,187,2 197,195,226,222,1 304,225,331,251,0
dataset_416/images/4_WIN_20220708_16_40_34_Pro.jpg 97,146,137,181,2 205,195,234,224,1 301,254,328,280,0
dataset_416/images/4_WIN_20220708_16_40_38_Pro.jpg 77,133,105,157,0 192,161,221,193,1 292,182,330,220,2
dataset_416/images/4_WIN_20220708_16_40_42_Pro.jpg 89,128,115,155,0 194,174,221,204,1 294,211,331,249,2
dataset_416/images/4_WIN_20220708_16_40_47_Pro.jpg 94,163,121,190,0 203,205,231,234,1 298,234,335,268,2
dataset_416/images/4_WIN_20220708_16_40_55_Pro.jpg 80,136,107,163,0 194,144,224,173,1 305,141,345,177,2
dataset_416/images/4_WIN_20220708_16_41_00_Pro.jpg 73,197,111,230,2 185,177,213,202,1 299,164,327,188,0
dataset_416/images/4_WIN_20220708_16_41_06_Pro.jpg 77,186,102,211,0 179,157,211,185,1 292,126,334,161,2
dataset_416/images/4_WIN_20220708_16_41_11_Pro.jpg 89,215,113,239,0 189,161,219,188,1 279,105,317,136,2
dataset_416/images/4_WIN_20220708_16_41_16_Pro.jpg 78,153,106,178,0 186,175,217,202,1 298,199,338,235,2
dataset_416/images/4_WIN_20220708_16_41_21_Pro.jpg 79,125,119,160,2 197,159,225,187,1 304,202,333,229,0
dataset_416/images/4_WIN_20220708_16_42_45_Pro.jpg 79,211,107,239,0 185,223,215,250,1 297,237,334,271,2
dataset_416/images/4_WIN_20220708_16_42_49_Pro.jpg 80,134,106,160,0 191,156,219,184,1 298,163,336,196,2
dataset_416/images/4_WIN_20220708_16_42_52_Pro.jpg 75,128,103,153,0 194,148,223,178,1 295,160,335,196,2
dataset_416/images/4_WIN_20220708_16_42_55_Pro.jpg 78,135,107,162,0 196,151,224,182,1 298,158,339,194,2
dataset_416/images/4_WIN_20220708_16_42_58_Pro.jpg 82,157,110,182,0 192,181,222,211,1 300,197,335,234,2
dataset_416/images/4_WIN_20220708_16_43_02_Pro.jpg 84,159,120,193,2 196,208,226,235,1 300,248,326,276,0
dataset_416/images/5_WIN_20220708_16_38_44_Pro.jpg 88,187,118,212,2 176,193,197,213,1 272,201,292,220,0
dataset_416/images/5_WIN_20220708_16_38_52_Pro.jpg 91,169,122,195,2 185,176,209,198,1 279,188,302,211,0
dataset_416/images/5_WIN_20220708_16_39_08_Pro.jpg 94,158,128,186,2 181,179,207,204,1 276,204,299,227,0
dataset_416/images/5_WIN_20220708_16_39_17_Pro.jpg 101,142,131,172,2 187,194,212,215,1 270,234,289,253,0
dataset_416/images/5_WIN_20220708_16_39_27_Pro.jpg 97,207,126,234,2 181,170,204,190,1 271,136,292,158,0
dataset_416/images/5_WIN_20220708_16_39_32_Pro.jpg 94,161,125,188,2 176,193,201,216,1 267,234,284,251,0
dataset_416/images/5_WIN_20220708_16_39_38_Pro.jpg 97,114,127,146,2 184,153,210,178,1 271,195,291,217,0
dataset_416/images/5_WIN_20220708_16_39_43_Pro.jpg 93,165,125,194,2 176,203,199,224,1 262,242,283,263,0
dataset_416/images/5_WIN_20220708_16_39_49_Pro.jpg 106,132,138,162,2 189,191,212,215,1 261,244,283,266,0
dataset_416/images/5_WIN_20220708_16_39_55_Pro.jpg 90,238,111,256,0 176,215,199,238,1 260,189,292,217,2
dataset_416/images/5_WIN_20220708_16_39_59_Pro.jpg 87,236,106,255,0 175,231,199,251,1 257,222,290,248,2
dataset_416/images/5_WIN_20220708_16_40_04_Pro.jpg 97,254,116,272,0 182,222,204,243,1 253,188,286,216,2
dataset_416/images/5_WIN_20220708_16_40_09_Pro.jpg 92,137,125,171,2 186,171,207,193,1 270,211,291,229,0
dataset_416/images/5_WIN_20220708_16_40_14_Pro.jpg 100,146,130,175,2 188,195,211,218,1 268,234,290,257,0
dataset_416/images/5_WIN_20220708_16_40_25_Pro.jpg 100,160,120,179,0 188,195,211,216,1 265,219,293,249,2
dataset_416/images/5_WIN_20220708_16_40_30_Pro.jpg 96,154,125,184,2 185,199,209,220,1 267,234,289,255,0
dataset_416/images/5_WIN_20220708_16_40_34_Pro.jpg 110,148,139,178,2 191,200,213,222,1 263,257,282,276,0
dataset_416/images/5_WIN_20220708_16_40_38_Pro.jpg 95,137,115,157,0 182,171,208,195,1 260,198,292,227,2
dataset_416/images/5_WIN_20220708_16_40_42_Pro.jpg 105,134,125,154,0 182,183,207,205,1 259,222,289,251,2
dataset_416/images/5_WIN_20220708_16_40_47_Pro.jpg 103,161,127,185,0 186,205,212,230,1 259,239,291,268,2
dataset_416/images/5_WIN_20220708_16_40_55_Pro.jpg 97,140,119,161,0 187,155,211,180,1 276,164,307,195,2
dataset_416/images/5_WIN_20220708_16_41_00_Pro.jpg 85,189,115,215,2 177,180,202,203,1 268,183,292,204,0
dataset_416/images/5_WIN_20220708_16_41_06_Pro.jpg 88,179,111,201,0 176,165,198,187,1 268,153,300,181,2
dataset_416/images/5_WIN_20220708_16_41_11_Pro.jpg 95,203,117,223,0 182,170,208,192,2 256,130,292,162,2
dataset_416/images/5_WIN_20220708_16_41_16_Pro.jpg 95,151,116,174,0 178,178,202,203,1 265,210,296,240,2
dataset_416/images/5_WIN_20220708_16_41_21_Pro.jpg 97,131,128,162,2 186,170,212,194,1 269,214,291,235,0
dataset_416/images/5_WIN_20220708_16_42_45_Pro.jpg 90,201,109,219,0 172,219,195,243,1 260,243,290,271,2
dataset_416/images/5_WIN_20220708_16_42_49_Pro.jpg 97,138,118,157,0 185,166,206,190,2 269,183,300,212,2
dataset_416/images/5_WIN_20220708_16_42_52_Pro.jpg 95,131,115,154,0 183,159,212,186,1 267,178,298,208,2
dataset_416/images/5_WIN_20220708_16_42_55_Pro.jpg 96,138,117,162,0 188,162,211,186,1 268,178,301,209,2
dataset_416/images/5_WIN_20220708_16_42_58_Pro.jpg 97,157,117,178,0 180,186,206,210,1 265,211,295,239,2
dataset_416/images/5_WIN_20220708_16_43_02_Pro.jpg 97,157,127,188,2 184,210,207,232,1 260,252,284,272,0
dataset_416/images/WIN_20220708_16_38_44_Pro.jpg 79,195,116,228,2 186,188,213,215,1 305,182,330,209,0
dataset_416/images/WIN_20220708_16_38_52_Pro.jpg 81,172,116,208,2 198,167,225,196,1 313,171,339,199,0
dataset_416/images/WIN_20220708_16_38_59_Pro.jpg 81,161,116,197,2 195,174,224,202,1 308,190,336,217,0
dataset_416/images/WIN_20220708_16_39_08_Pro.jpg 84,157,123,193,2 194,174,222,203,1 311,190,339,219,0
dataset_416/images/WIN_20220708_16_39_17_Pro.jpg 88,140,126,177,2 203,189,231,217,1 305,225,333,252,0
dataset_416/images/WIN_20220708_16_39_27_Pro.jpg 92,219,128,251,2 190,160,218,188,1 293,107,322,134,0
dataset_416/images/WIN_20220708_16_39_32_Pro.jpg 83,162,119,197,2 190,190,217,219,1 303,227,327,251,0
dataset_416/images/WIN_20220708_16_39_38_Pro.jpg 79,106,115,145,2 193,141,220,171,1 301,179,328,205,0
dataset_416/images/WIN_20220708_16_39_43_Pro.jpg 81,167,119,204,2 187,200,215,228,1 299,236,326,264,0
dataset_416/images/WIN_20220708_16_39_49_Pro.jpg 95,125,131,162,2 203,188,229,216,1 300,237,326,265,0
dataset_416/images/WIN_20220708_16_39_55_Pro.jpg 290,172,326,206,2 191,219,218,246,1 88,259,113,281,0
dataset_416/images/WIN_20220708_16_39_59_Pro.jpg 291,212,328,247,2 194,238,220,262,1 82,256,109,280,0
dataset_416/images/WIN_20220708_16_40_04_Pro.jpg 283,171,319,206,2 196,226,225,250,1 97,276,124,299,0
dataset_416/images/WIN_20220708_16_40_09_Pro.jpg 77,138,113,172,2 194,162,220,191,1 305,195,330,222,0
dataset_416/images/WIN_20220708_16_40_14_Pro.jpg 87,144,123,178,2 201,193,228,219,1 305,229,332,254,0
dataset_416/images/WIN_20220708_16_40_25_Pro.jpg 297,210,334,244,2 202,191,227,218,1 88,162,115,186,0
dataset_416/images/WIN_20220708_16_40_30_Pro.jpg 83,155,119,189,2 199,197,226,223,1 305,227,330,251,0
dataset_416/images/WIN_20220708_16_40_34_Pro.jpg 99,146,136,179,2 205,197,233,224,1 303,255,328,280,0
dataset_416/images/WIN_20220708_16_40_38_Pro.jpg 292,184,329,219,2 192,162,220,191,1 76,131,104,160,0
dataset_416/images/WIN_20220708_16_40_42_Pro.jpg 294,212,330,249,2 193,176,220,204,1 90,129,116,155,0
dataset_416/images/WIN_20220708_16_40_47_Pro.jpg 299,234,335,268,2 203,206,230,231,1 95,167,120,189,0
dataset_416/images/WIN_20220708_16_40_55_Pro.jpg 307,144,342,177,2 195,145,223,173,1 82,139,109,162,0
dataset_416/images/WIN_20220708_16_41_00_Pro.jpg 74,196,110,229,2 187,178,214,203,1 300,163,326,189,0
dataset_416/images/WIN_20220708_16_41_06_Pro.jpg 295,128,332,161,2 182,157,209,183,1 76,186,106,213,0
dataset_416/images/WIN_20220708_16_41_11_Pro.jpg 279,103,317,139,2 191,162,220,188,1 89,215,115,238,0
dataset_416/images/WIN_20220708_16_41_16_Pro.jpg 300,200,336,234,2 188,174,215,201,1 81,154,107,178,0
dataset_416/images/WIN_20220708_16_41_21_Pro.jpg 83,127,120,162,2 198,160,225,187,1 301,202,331,229,0
dataset_416/images/WIN_20220708_16_41_25_Pro.jpg 305,211,341,245,2 198,196,227,223,1 88,173,114,198,0
dataset_416/images/WIN_20220708_16_41_32_Pro.jpg 302,162,339,194,2 195,167,227,198,1 86,170,109,192,0
dataset_416/images/WIN_20220708_16_41_36_Pro.jpg 278,274,313,308,2 204,213,231,239,1 118,132,144,159,0
dataset_416/images/WIN_20220708_16_41_42_Pro.jpg 300,203,335,239,2 193,177,223,203,1 87,140,113,164,0
dataset_416/images/WIN_20220708_16_41_47_Pro.jpg 83,122,119,156,2 198,156,224,183,1 306,197,329,222,0
dataset_416/images/WIN_20220708_16_41_50_Pro.jpg 296,190,332,224,2 187,149,216,178,1 81,116,111,143,0
dataset_416/images/WIN_20220708_16_41_55_Pro.jpg 300,155,338,190,2 198,154,226,182,1 81,146,106,170,0
dataset_416/images/WIN_20220708_16_42_00_Pro.jpg 297,187,332,222,2 192,187,220,216,1 75,184,103,208,0
dataset_416/images/WIN_20220708_16_42_05_Pro.jpg 300,177,336,214,2 186,162,212,188,1 73,147,103,175,0
dataset_416/images/WIN_20220708_16_42_09_Pro.jpg 83,157,120,191,2 198,181,227,211,1 308,216,335,241,0
dataset_416/images/WIN_20220708_16_42_13_Pro.jpg 298,197,335,232,2 198,200,224,227,1 82,197,106,219,0
dataset_416/images/WIN_20220708_16_42_17_Pro.jpg 297,200,333,235,2 188,178,219,203,1 81,143,106,169,0
dataset_416/images/WIN_20220708_16_42_21_Pro.jpg 301,212,338,245,2 203,193,228,220,1 89,168,116,193,0
dataset_416/images/WIN_20220708_16_42_25_Pro.jpg 301,186,336,218,2 195,210,222,232,1 85,222,109,245,0
dataset_416/images/WIN_20220708_16_42_29_Pro.jpg 296,185,332,217,2 194,178,217,204,1 78,167,102,190,0
dataset_416/images/WIN_20220708_16_42_34_Pro.jpg 302,223,336,258,2 204,198,232,224,1 93,160,117,183,0
dataset_416/images/WIN_20220708_16_42_38_Pro.jpg 80,179,117,211,2 196,189,223,219,1 309,211,334,237,0
dataset_416/images/WIN_20220708_16_42_45_Pro.jpg 298,240,333,270,2 186,223,213,250,1 81,213,105,238,0
dataset_416/images/WIN_20220708_16_42_49_Pro.jpg 302,164,335,197,2 191,158,220,183,1 80,135,107,159,0
dataset_416/images/WIN_20220708_16_42_52_Pro.jpg 298,158,334,195,2 194,151,222,175,1 78,130,102,153,0
dataset_416/images/WIN_20220708_16_42_55_Pro.jpg 299,160,336,194,2 195,152,224,180,1 80,137,106,162,0
dataset_416/images/WIN_20220708_16_42_58_Pro.jpg 299,201,335,234,2 193,183,220,209,1 84,158,109,181,0
dataset_416/images/WIN_20220708_16_43_02_Pro.jpg 83,160,121,194,2 198,211,224,237,1 302,250,326,276,0
